2 0.6795598958333334 0.8263842592592593 0.03655989583333333 0.07235185185185185
2 0.7151276041666667 0.7492222222222222 0.03843229166666667 0.06790277777777777
2 0.7567968749999999 0.7260231481481482 0.0241484375 0.07431944444444445
2 0.7999088541666667 0.6417916666666666 0.039088541666666664 0.054310185185185184
2 0.86053125 0.6871898148148148 0.03719270833333333 0.05946296296296296
2 0.8802005208333333 0.5775509259259259 0.02675260416666667 0.06285648148148149
2 0.84925 0.5311712962962962 0.03229427083333333 0.042888888888888886
2 0.8290182291666667 0.5351666666666667 0.020736979166666666 0.045175925925925925
2 0.776671875 0.5108287037037037 0.018817708333333336 0.03788888888888889
2 0.7393177083333333 0.6442268518518518 0.014268229166666667 0.03934722222222222
2 0.7717213541666667 0.579662037037037 0.021177083333333332 0.039328703703703706
2 0.7272838541666666 0.6086805555555556 0.026380208333333332 0.041935185185185186
2 0.7285052083333333 0.6563564814814815 0.0163203125 0.034837962962962966
2 0.6518177083333333 0.7439953703703703 0.026880208333333332 0.07518518518518519
2 0.579296875 0.7879259259259259 0.034458333333333334 0.0769212962962963
2 0.5157421875 0.8453842592592592 0.03911979166666667 0.09709259259259259
2 0.6169375 0.722375 0.03125520833333333 0.07156018518518519
2 0.5471822916666667 0.7041111111111111 0.04236458333333334 0.04881481481481481
2 0.30700520833333333 0.7734814814814815 0.026033854166666665 0.0629212962962963
2 0.35947395833333334 0.7253842592592592 0.027565104166666667 0.04289351851851852
2 0.3725546875 0.6743564814814814 0.04115885416666667 0.047481481481481486
2 0.19138541666666667 0.767337962962963 0.026643229166666667 0.07550462962962963
2 0.19919270833333333 0.7306944444444444 0.03384375 0.07675925925925926
2 0.24835677083333335 0.7211203703703704 0.018791666666666665 0.0563425925925926
2 0.22400781250000001 0.7360185185185185 0.020721354166666664 0.041763888888888885
2 0.3218020833333333 0.6939953703703704 0.0145 0.03505092592592592
2 0.30654427083333335 0.638837962962963 0.03883333333333334 0.04898148148148148
2 0.22136718749999998 0.6489212962962964 0.0368359375 0.050124999999999996
2 0.259375 0.6275648148148149 0.025489583333333333 0.04418518518518518
2 0.17851302083333334 0.6150231481481482 0.023864583333333335 0.04318981481481482
2 0.19716145833333334 0.6127407407407407 0.015143229166666666 0.03355555555555556
2 0.2173385416666667 0.5710277777777778 0.03234375 0.033796296296296297
2 0.19173958333333332 0.5731805555555555 0.025359375 0.0305
2 0.3985755208333333 0.5185972222222223 0.027567708333333333 0.03923148148148148
2 0.47248437499999996 0.5729305555555555 0.030700520833333335 0.050277777777777775
2 0.4870677083333333 0.5881435185185185 0.019364583333333334 0.035069444444444445
2 0.5089192708333333 0.4524814814814815 0.02077604166666667 0.03250925925925926
2 0.44435416666666666 0.4590787037037037 0.030697916666666665 0.04569444444444445
2 0.6383463541666666 0.4660509259259259 0.025049479166666666 0.04189351851851852
2 0.5629557291666667 0.3862777777777778 0.008611979166666667 0.02448611111111111
2 0.5537838541666668 0.3860138888888889 0.0073515625000000005 0.01785185185185185
2 0.43917708333333333 0.3746574074074074 0.014348958333333333 0.02271759259259259
2 0.45966145833333333 0.37160648148148145 0.018791666666666665 0.028824074074074075
2 0.4740182291666667 0.3759444444444444 0.011078125 0.02786111111111111
2 0.4850625 0.3742083333333333 0.009929687500000001 0.025671296296296296
2 0.5030520833333333 0.3658194444444444 0.011552083333333333 0.024962962962962965
2 0.49386979166666667 0.36810185185185185 0.009708333333333334 0.030171296296296297
2 0.5115885416666667 0.3566944444444445 0.01621875 0.027287037037037037
2 0.47025520833333334 0.35561574074074076 0.0128046875 0.016930555555555556
2 0.47854166666666664 0.3545277777777778 0.011617187499999999 0.017296296296296296
2 0.4895651041666667 0.3567314814814815 0.010825520833333333 0.020569444444444446
2 0.4178020833333333 0.35187037037037033 0.013760416666666667 0.030240740740740738