2 0.3969505208333333 0.35959722222222223 0.07380468750000001 0.18123611111111113
2 0.6065703125 0.6047731481481481 0.11810677083333333 0.15769444444444444
2 0.774125 0.49549074074074073 0.1237734375 0.08728703703703704
2 0.6848203125 0.815226851851852 0.13088020833333333 0.259162037037037
2 0.45632291666666663 0.9145833333333333 0.1217265625 0.17083333333333334
2 0.26558333333333334 0.9597222222222223 0.1256015625 0.08055555555555556
2 0.05703125 0.603837962962963 0.11406510416666667 0.11510185185185186
2 0.3861458333333333 0.5760648148148148 0.08760416666666666 0.15583333333333335
2 0.9337239583333333 0.3426990740740741 0.13255208333333332 0.1705787037037037
2 0.7229609375 0.4438611111111111 0.0782109375 0.07198611111111111
2 0.8255546875 0.41237962962962965 0.085484375 0.08308796296296296