0 0.7525572916666667 0.5110555555555556 0.036359375 0.0374074074074074
0 0.8286067708333333 0.4839444444444444 0.03828125 0.047064814814814816
0 0.8757734374999999 0.47567129629629634 0.03679947916666667 0.051814814814814814
0 0.7125755208333333 0.5392314814814815 0.037471354166666665 0.0347962962962963
0 0.7098593750000001 0.5048287037037037 0.038486979166666664 0.04461574074074074
0 0.6788124999999999 0.4465092592592593 0.033515625 0.03280092592592592
0 0.6133854166666667 0.5809907407407408 0.0270390625 0.041337962962962965
0 0.5589401041666666 0.614 0.030549479166666667 0.05658333333333333
0 0.6001666666666666 0.5085879629629629 0.021791666666666668 0.04721759259259259
0 0.5679244791666667 0.5435601851851851 0.020580729166666666 0.04673611111111111
0 0.4817890625 0.6201435185185186 0.0301015625 0.03119444444444444
0 0.5967135416666667 0.47074537037037034 0.025015625 0.040324074074074075
0 0.5641458333333333 0.38125 0.031192708333333333 0.05164814814814815
0 0.5948697916666668 0.412287037037037 0.028700520833333333 0.03806018518518518
0 0.5209869791666667 0.4218703703703704 0.024658854166666667 0.04904166666666667
0 0.5067994791666667 0.3609305555555556 0.022083333333333333 0.038537037037037036
0 0.5311666666666667 0.3438148148148148 0.021986979166666667 0.025592592592592594
0 0.5065234375 0.34152314814814816 0.023372395833333334 0.04066203703703704
0 0.4826171875 0.4960787037037037 0.026231770833333334 0.03038888888888889
0 0.4592630208333333 0.5859305555555555 0.022828124999999998 0.03811574074074074
0 0.4047265625 0.5982175925925927 0.031679687500000005 0.052861111111111116
0 0.4483463541666667 0.4815 0.01665625 0.04381481481481481
0 0.4570078125 0.4398935185185185 0.026604166666666665 0.04576851851851852
0 0.43236458333333333 0.40843981481481484 0.027992187499999998 0.054935185185185184
0 0.421953125 0.3475833333333333 0.0200703125 0.029851851851851855
0 0.400765625 0.3805925925925926 0.018231770833333334 0.0385462962962963
0 0.3209322916666667 0.5821805555555556 0.0384609375 0.052300925925925924
0 0.17479687500000002 0.5043055555555556 0.020966145833333335 0.06375462962962963