0 0.8518567708333333 0.48391203703703706 0.03913020833333333 0.05486574074074074
0 0.8956041666666666 0.4621527777777778 0.043289062499999996 0.05763888888888889
0 0.7389765625 0.5445694444444444 0.039929687500000005 0.055810185185185185
0 0.7764713541666667 0.5056759259259259 0.0420078125 0.05209259259259259
0 0.7307708333333333 0.510625 0.04147135416666667 0.046282407407407404
0 0.6999270833333333 0.44518981481481484 0.03457552083333334 0.03735185185185186
0 0.6132500000000001 0.5668194444444444 0.024703125 0.04800925925925926
0 0.6237916666666667 0.4229398148148148 0.028341145833333335 0.03227777777777778
0 0.5906484375000001 0.5028796296296296 0.0168828125 0.05038425925925926
0 0.5546354166666667 0.37119907407407404 0.023109374999999998 0.055509259259259265
0 0.5835416666666667 0.4705462962962963 0.02509895833333333 0.03621759259259259
0 0.5634114583333333 0.5909166666666668 0.028125 0.07582407407407407
0 0.5204947916666667 0.33162962962962966 0.017630208333333335 0.030421296296296294
0 0.5093307291666667 0.4160462962962963 0.02520572916666667 0.045953703703703705
0 0.5542369791666667 0.5345601851851852 0.018320312499999998 0.038425925925925926
0 0.46278125 0.6188703703703704 0.024033854166666667 0.0369212962962963
0 0.4427447916666667 0.5826250000000001 0.020244791666666664 0.04063425925925926
0 0.4689114583333333 0.48624999999999996 0.030713541666666667 0.03484259259259259
0 0.4921328125 0.3135046296296296 0.0171640625 0.012777777777777779
0 0.4754609375 0.3273333333333333 0.029734375 0.03334259259259259
0 0.49327864583333336 0.35613425925925923 0.017861979166666667 0.04310185185185185
0 0.4421458333333333 0.46184722222222224 0.0204453125 0.05249537037037037
0 0.443765625 0.4315833333333333 0.027671875000000002 0.044245370370370365
0 0.41834895833333335 0.4039351851851852 0.027669270833333332 0.056296296296296296
0 0.4092005208333333 0.341375 0.021322916666666667 0.02510185185185185
0 0.3873489583333333 0.37616203703703704 0.023877604166666667 0.02998611111111111
0 0.38953385416666664 0.5917083333333333 0.030893229166666664 0.05201388888888889
0 0.3029114583333333 0.5774351851851852 0.02726041666666667 0.041837962962962966
0 0.15522656250000003 0.4967175925925926 0.014942708333333334 0.044180555555555556