1 0.8911796875 0.4365601851851852 0.03365885416666667 0.04424074074074074
1 0.8209140625 0.4459537037037037 0.042140625 0.047796296296296295
1 0.7811953125 0.44563425925925926 0.03806510416666666 0.04843055555555555
1 0.7449375 0.44925 0.03063541666666667 0.03916666666666666
1 0.7062526041666667 0.4470324074074074 0.03377083333333333 0.048685185185185186
1 0.6702447916666666 0.44709722222222226 0.039403645833333334 0.052620370370370366
1 0.6288723958333333 0.4559722222222222 0.04005989583333334 0.053875
1 0.5771276041666666 0.4625694444444444 0.039338541666666664 0.046768518518518515
1 0.5324453124999999 0.4708101851851852 0.03305729166666667 0.04675925925925926
1 0.5058229166666667 0.48293518518518525 0.04490104166666666 0.062120370370370374
1 0.4485286458333333 0.4868657407407408 0.04058854166666667 0.05042592592592593
1 0.02263541666666667 0.5317916666666667 0.043770833333333335 0.05002777777777778
1 0.10837760416666667 0.5277685185185186 0.059421875 0.06172685185185186
1 0.2448359375 0.5185000000000001 0.04712760416666666 0.052300925925925924
1 0.28803385416666666 0.512800925925926 0.050453125 0.05762037037037037
1 0.375578125 0.49837037037037035 0.04968489583333333 0.062171296296296294
1 0.41925 0.4962407407407408 0.035830729166666665 0.057916666666666665
1 0.40296875000000004 0.49784722222222216 0.032502604166666664 0.04745833333333334