1 0.835640625 0.5808796296296297 0.06430989583333332 0.083
1 0.8751614583333333 0.5086666666666667 0.07101822916666665 0.07438425925925925
1 0.8294036458333333 0.49702314814814813 0.05807291666666667 0.07327314814814816
1 0.7838046875 0.48787499999999995 0.06040364583333333 0.07160648148148148
1 0.6684401041666667 0.4949444444444444 0.06661979166666666 0.07743055555555556
1 0.6776380208333334 0.5194768518518518 0.05758072916666667 0.06829166666666667
1 0.717703125 0.4885648148148148 0.04916666666666667 0.05913425925925926
1 0.4724010416666667 0.5969583333333334 0.08607552083333332 0.0929861111111111
1 0.5622760416666667 0.48108333333333336 0.05755989583333333 0.07188425925925926
1 0.49297395833333335 0.5581481481481481 0.06363802083333334 0.08188425925925927
1 0.5186953125 0.4705462962962963 0.040257812500000004 0.06189814814814814
1 0.4600807291666667 0.5139305555555556 0.0639453125 0.079375
1 0.46311979166666667 0.4600138888888889 0.06254166666666666 0.07409259259259258
1 0.45491927083333333 0.4099861111111111 0.05555729166666667 0.05718981481481482
1 0.3931510416666667 0.42918055555555557 0.046671875 0.055949074074074075
1 0.3981927083333333 0.4450925925925926 0.0314609375 0.04598611111111111
1 0.3639635416666666 0.4159583333333333 0.04265364583333333 0.05077777777777778
1 0.3070729166666667 0.4298287037037037 0.0490546875 0.0632962962962963
1 0.2811171875 0.5451157407407408 0.07097916666666666 0.08062037037037037
1 0.24483072916666665 0.4492083333333333 0.050257812500000006 0.06532407407407408
1 0.169328125 0.41585648148148147 0.052656249999999995 0.0649675925925926
1 0.17815625 0.5279907407407407 0.07298177083333333 0.08428240740740742
1 0.04611979166666667 0.4849305555555556 0.06396614583333333 0.08142592592592593
1 0.10027083333333334 0.44710648148148147 0.05375520833333333 0.06225925925925926
1 0.10275781249999999 0.4538981481481481 0.04095052083333333 0.06029166666666666
1 0.06376822916666666 0.40084259259259264 0.042481770833333335 0.05979166666666667
1 0.050395833333333334 0.4189398148148148 0.025677083333333333 0.02901388888888889
1 0.020494791666666668 0.43195833333333333 0.040989583333333336 0.05572222222222222
1 0.02802083333333333 0.4099351851851852 0.04038802083333334 0.047837962962962964
1 0.013460937499999999 0.4700185185185185 0.026921874999999998 0.05073148148148148