0 0.8583984375 0.462890625 0.076171875 0.111328125
3 0.892578125 0.84375 0.1328125 0.244140625
0 0.671875 0.486328125 0.064453125 0.1240234375
0 0.7939453125 0.2236328125 0.04296875 0.064453125
0 0.810546875 0.1669921875 0.048828125 0.064453125
0 0.607421875 0.1357421875 0.0390625 0.0595703125
0 0.7216796875 0.142578125 0.041015625 0.0615234375
0 0.6923828125 0.099609375 0.03125 0.0537109375
0 0.7021484375 0.0625 0.033203125 0.04296875
0 0.6591796875 0.0419921875 0.0283203125 0.0478515625
2 0.73046875 0.3232421875 0.1201171875 0.3154296875
0 0.296875 0.6416015625 0.09765625 0.197265625
0 0.083984375 0.7666015625 0.1328125 0.2578125
0 0.228515625 0.384765625 0.0810546875 0.1533203125
0 0.3212890625 0.1865234375 0.056640625 0.1015625
0 0.1923828125 0.265625 0.056640625 0.0859375
0 0.2587890625 0.0791015625 0.0400390625 0.0888671875
0 0.37890625 0.037109375 0.037109375 0.07421875
0 0.4365234375 0.017578125 0.0400390625 0.0283203125
0 0.1708984375 0.123046875 0.0419921875 0.0625
2 0.1298828125 0.1923828125 0.076171875 0.1640625