0 0.6591796875 0.3779296875 0.095703125 0.09765625
2 0.3232421875 0.2841796875 0.095703125 0.09765625
0 0.4072265625 0.6748046875 0.095703125 0.09765625
0 0.9482421875 0.79296875 0.095703125 0.09765625
0 0.220703125 0.7548828125 0.095703125 0.09765625
0 0.8662109375 0.68359375 0.095703125 0.09765625
0 0.3935546875 0.873046875 0.08203125 0.078125
1 0.0771484375 0.4755859375 0.0966796875 0.0859375
2 0.658203125 0.2109375 0.16015625 0.1123046875
2 0.7119140625 0.9033203125 0.185546875 0.1376953125
2 0.080078125 0.1669921875 0.16015625 0.1484375
3 0.4150390625 0.78515625 0.0927734375 0.087890625