0 0.64453125 0.220703125 0.1044921875 0.0986328125
0 0.119140625 0.2412109375 0.095703125 0.0927734375
0 0.0517578125 0.3583984375 0.095703125 0.083984375
0 0.083984375 0.75 0.087890625 0.0830078125
0 0.466796875 0.7060546875 0.0927734375 0.099609375
0 0.6728515625 0.62109375 0.0927734375 0.0908203125
0 0.865234375 0.6875 0.1044921875 0.0986328125
0 0.3916015625 0.3623046875 0.111328125 0.0947265625
2 0.453125 0.4833984375 0.34765625 0.12109375
2 0.1416015625 0.6171875 0.2587890625 0.1259765625
2 0.91796875 0.4990234375 0.1640625 0.1298828125
0 0.8056640625 0.37109375 0.123046875 0.0849609375