0 0.74609375 0.0595703125 0.1103515625 0.1025390625
0 0.97265625 0.076171875 0.0537109375 0.099609375
0 0.9404296875 0.2431640625 0.109375 0.0908203125
0 0.9794921875 0.427734375 0.041015625 0.109375
0 0.78515625 0.2216796875 0.1083984375 0.1025390625
0 0.5576171875 0.0751953125 0.1083984375 0.11328125
0 0.37890625 0.076171875 0.103515625 0.1103515625
0 0.1669921875 0.076171875 0.119140625 0.107421875
2 0.3408203125 0.4287109375 0.1611328125 0.1240234375
0 0.4853515625 0.4287109375 0.1142578125 0.1083984375
0 0.185546875 0.2373046875 0.1123046875 0.0927734375
0 0.3427734375 0.234375 0.1162109375 0.1162109375
0 0.525390625 0.24609375 0.099609375 0.107421875
0 0.6572265625 0.2275390625 0.09375 0.0849609375
0 0.7490234375 0.416015625 0.1044921875 0.0791015625
0 0.8779296875 0.4111328125 0.1015625 0.087890625
0 0.1767578125 0.4033203125 0.1025390625 0.08203125
0 0.6279296875 0.423828125 0.0986328125 0.078125
0 0.3369140625 0.5849609375 0.1015625 0.078125
0 0.060546875 0.2451171875 0.08984375 0.080078125
0 0.482421875 0.783203125 0.0810546875 0.080078125
0 0.021484375 0.123046875 0.0419921875 0.08203125
0 0.7333984375 0.951171875 0.1103515625 0.0927734375
0 0.0283203125 0.72265625 0.056640625 0.091796875
2 0.2490234375 0.822265625 0.09375 0.0830078125
0 0.0234375 0.400390625 0.046875 0.072265625
3 0.4404296875 0.69140625 0.1181640625 0.12109375